   -0.427217     0.903715   -0.0280153
   -0.853048    -0.413147    -0.318775
   -0.299657    -0.112288     0.947416
   -0.427227      0.90371   -0.0280183
   -0.853044    -0.413157    -0.318775
   -0.299656    -0.112288     0.947416
    -0.42723     0.903709   -0.0280179
   -0.853042     -0.41316    -0.318775
   -0.299656     -0.11229     0.947416
   -0.427231     0.903708   -0.0280164
   -0.853042    -0.413161    -0.318775
   -0.299655    -0.112292     0.947416
   -0.427232     0.903708    -0.028015
   -0.853042    -0.413162    -0.318775
   -0.299654    -0.112293     0.947416
   -0.427233     0.903707   -0.0280144
   -0.853041    -0.413162    -0.318775
   -0.299654    -0.112294     0.947416
   -0.427234     0.903707   -0.0280142
   -0.853041    -0.413163    -0.318775
   -0.299654    -0.112294     0.947416
   -0.427236     0.903706   -0.0280137
    -0.85304    -0.413165    -0.318775
   -0.299653    -0.112295     0.947416
   -0.427239     0.903705   -0.0280127
   -0.853039    -0.413167    -0.318775
   -0.299652    -0.112297     0.947416
   -0.427243     0.903703   -0.0280113
   -0.853037    -0.413171    -0.318775
   -0.299651      -0.1123     0.947416
    -0.42725       0.9037   -0.0280101
   -0.853034    -0.413177    -0.318775
    -0.29965    -0.112303     0.947416
   -0.427259     0.903695   -0.0280091
    -0.85303    -0.413185    -0.318775
   -0.299649    -0.112307     0.947416
   -0.427272     0.903689   -0.0280084
   -0.853025    -0.413197    -0.318775
   -0.299647    -0.112312     0.947416
   -0.427288     0.903682   -0.0280078
   -0.853017    -0.413212    -0.318775
   -0.299645    -0.112318     0.947416
   -0.427307     0.903673   -0.0280069
   -0.853009     -0.41323    -0.318775
   -0.299642    -0.112325     0.947417
   -0.427329     0.903662   -0.0280058
   -0.852999    -0.413251    -0.318775
   -0.299638    -0.112333     0.947417
   -0.427355      0.90365   -0.0280046
   -0.852987    -0.413274    -0.318775
   -0.299634    -0.112342     0.947417
   -0.427383     0.903637   -0.0280034
   -0.852975      -0.4133    -0.318774
    -0.29963    -0.112352     0.947417
   -0.427413     0.903623   -0.0280026
   -0.852961    -0.413329    -0.318774
   -0.299626    -0.112363     0.947417
   -0.427445     0.903607   -0.0280025
   -0.852946    -0.413359    -0.318773
   -0.299621    -0.112374     0.947417
    -0.42748     0.903591   -0.0280031
   -0.852931    -0.413392    -0.318773
   -0.299617    -0.112384     0.947417
   -0.427516     0.903574   -0.0280041
   -0.852914    -0.413426    -0.318773
   -0.299612    -0.112395     0.947417
   -0.427554     0.903556   -0.0280054
   -0.852897    -0.413463    -0.318772
   -0.299608    -0.112407     0.947418
   -0.427595     0.903537   -0.0280065
   -0.852878    -0.413502    -0.318772
   -0.299603    -0.112419     0.947418
   -0.427637     0.903516   -0.0280075
   -0.852859    -0.413542    -0.318771
   -0.299597    -0.112432     0.947418
   -0.427682     0.903495   -0.0280082
   -0.852838    -0.413585    -0.318771
   -0.299591    -0.112446     0.947418
   -0.427729     0.903473   -0.0280088
   -0.852817    -0.413629     -0.31877
   -0.299585    -0.112461     0.947418
   -0.427778      0.90345   -0.0280093
   -0.852794    -0.413676    -0.318769
   -0.299579    -0.112476     0.947418
   -0.427829     0.903425   -0.0280097
   -0.852771    -0.413724    -0.318769
   -0.299572    -0.112493     0.947419
   -0.427882       0.9034     -0.02801
   -0.852747    -0.413775    -0.318768
   -0.299565     -0.11251     0.947419
   -0.427937     0.903375   -0.0280102
   -0.852722    -0.413826    -0.318767
   -0.299557    -0.112527     0.947419
   -0.427993     0.903348   -0.0280102
   -0.852697    -0.413879    -0.318766
   -0.299549    -0.112545      0.94742
   -0.428051      0.90332   -0.0280102
   -0.852671    -0.413934    -0.318765
   -0.299541    -0.112564      0.94742
   -0.428111     0.903292   -0.0280103
   -0.852644    -0.413991    -0.318764
   -0.299533    -0.112583      0.94742
   -0.428172     0.903263   -0.0280104
   -0.852616    -0.414049    -0.318763
   -0.299525    -0.112603      0.94742
   -0.428235     0.903233   -0.0280105
   -0.852587    -0.414109    -0.318762
   -0.299516    -0.112624     0.947421
   -0.428301     0.903202   -0.0280103
   -0.852557     -0.41417    -0.318761
   -0.299507    -0.112645     0.947421
   -0.428368      0.90317   -0.0280098
   -0.852527    -0.414234    -0.318761
   -0.299498    -0.112668     0.947421
   -0.428437     0.903137   -0.0280089
   -0.852495    -0.414299     -0.31876
   -0.299488    -0.112691     0.947422
   -0.428508     0.903104   -0.0280074
   -0.852463    -0.414366    -0.318759
   -0.299478    -0.112716     0.947422
   -0.428582     0.903069   -0.0280055
    -0.85243    -0.414435    -0.318758
   -0.299467    -0.112741     0.947422
   -0.428657     0.903033   -0.0280033
   -0.852396    -0.414505    -0.318757
   -0.299456    -0.112767     0.947423
   -0.428734     0.902997    -0.028001
   -0.852362    -0.414577    -0.318756
   -0.299444    -0.112794     0.947423
   -0.428812      0.90296   -0.0279986
   -0.852326    -0.414651    -0.318755
   -0.299432    -0.112822     0.947424
   -0.428893     0.902921   -0.0279964
    -0.85229    -0.414726    -0.318754
    -0.29942     -0.11285     0.947424
   -0.428975     0.902882   -0.0279944
   -0.852253    -0.414803    -0.318752
   -0.299408    -0.112879     0.947424
   -0.429059     0.902843   -0.0279925
   -0.852215    -0.414882    -0.318751
   -0.299396    -0.112908     0.947425
   -0.429145     0.902802   -0.0279908
   -0.852176    -0.414963     -0.31875
   -0.299383    -0.112937     0.947425
   -0.429233      0.90276   -0.0279893
   -0.852136    -0.415046    -0.318749
   -0.299371    -0.112967     0.947426
   -0.429323     0.902717   -0.0279879
   -0.852096     -0.41513    -0.318748
   -0.299358    -0.112997     0.947426
   -0.429415     0.902674   -0.0279866
   -0.852054    -0.415217    -0.318747
   -0.299345    -0.113028     0.947427
   -0.429509     0.902629   -0.0279853
   -0.852011    -0.415305    -0.318745
   -0.299331     -0.11306     0.947427
   -0.429604     0.902583    -0.027984
   -0.851968    -0.415395    -0.318744
   -0.299317    -0.113092     0.947428
   -0.429702     0.902537   -0.0279826
   -0.851923    -0.415487    -0.318742
   -0.299303    -0.113125     0.947428
   -0.429802     0.902489   -0.0279813
   -0.851878    -0.415581    -0.318741
   -0.299289    -0.113159     0.947429
   -0.429904     0.902441   -0.0279802
   -0.851832    -0.415677    -0.318739
   -0.299274    -0.113193      0.94743
   -0.430007     0.902392   -0.0279792
   -0.851785    -0.415774    -0.318737
   -0.299259    -0.113227      0.94743
   -0.430112     0.902342   -0.0279785
   -0.851738    -0.415874    -0.318735
   -0.299244    -0.113261     0.947431
   -0.430219     0.902291   -0.0279781
   -0.851689    -0.415974    -0.318733
   -0.299228    -0.113296     0.947432
   -0.430327     0.902239    -0.027978
    -0.85164    -0.416077    -0.318731
   -0.299213    -0.113331     0.947432
   -0.430437     0.902187   -0.0279781
    -0.85159    -0.416181    -0.318729
   -0.299197    -0.113367     0.947433
   -0.430549     0.902134   -0.0279782
   -0.851539    -0.416287    -0.318727
   -0.299181    -0.113403     0.947434
   -0.430662      0.90208   -0.0279783
   -0.851487    -0.416394    -0.318725
   -0.299165    -0.113439     0.947434
   -0.430777     0.902025   -0.0279782
   -0.851435    -0.416503    -0.318723
   -0.299149    -0.113477     0.947435
   -0.430893     0.901969    -0.027978
   -0.851382    -0.416613     -0.31872
   -0.299132    -0.113515     0.947436
   -0.431012     0.901912   -0.0279775
   -0.851328    -0.416725    -0.318718
   -0.299115    -0.113553     0.947437
   -0.431132     0.901855   -0.0279767
   -0.851273    -0.416838    -0.318716
   -0.299097    -0.113593     0.947437
   -0.431253     0.901797   -0.0279757
   -0.851218    -0.416953    -0.318713
   -0.299079    -0.113633     0.947438
   -0.431377     0.901738   -0.0279744
   -0.851162    -0.417069     -0.31871
   -0.299061    -0.113673     0.947439
   -0.431501     0.901678    -0.027973
   -0.851105    -0.417187    -0.318708
   -0.299042    -0.113715      0.94744
   -0.431628     0.901618   -0.0279714
   -0.851048    -0.417306    -0.318705
   -0.299023    -0.113757     0.947441
   -0.431755     0.901557   -0.0279697
    -0.85099    -0.417426    -0.318702
   -0.299004      -0.1138     0.947442
   -0.431885     0.901495   -0.0279678
   -0.850931    -0.417548      -0.3187
   -0.298984    -0.113843     0.947443
   -0.432015     0.901433   -0.0279658
   -0.850872    -0.417671    -0.318697
   -0.298964    -0.113887     0.947444
   -0.432148     0.901369   -0.0279635
   -0.850812    -0.417796    -0.318694
   -0.298944    -0.113931     0.947445
   -0.432281     0.901305   -0.0279611
   -0.850751    -0.417921    -0.318691
   -0.298924    -0.113976     0.947446
   -0.432417      0.90124   -0.0279583
    -0.85069    -0.418049    -0.318689
   -0.298903    -0.114022     0.947447
   -0.432554     0.901175   -0.0279554
   -0.850627    -0.418177    -0.318686
   -0.298882    -0.114069     0.947448
   -0.432692     0.901108   -0.0279522
   -0.850564    -0.418308    -0.318683
    -0.29886    -0.114116     0.947449
   -0.432833     0.901041   -0.0279489
   -0.850501     -0.41844     -0.31868
   -0.298839    -0.114164      0.94745
   -0.432975     0.900973   -0.0279455
   -0.850436    -0.418573    -0.318677
   -0.298816    -0.114213     0.947451
   -0.433119     0.900904   -0.0279421
   -0.850371    -0.418708    -0.318674
   -0.298794    -0.114262     0.947453
   -0.433264     0.900834   -0.0279387
   -0.850305    -0.418845     -0.31867
   -0.298771    -0.114312     0.947454
   -0.433411     0.900763   -0.0279355
   -0.850238    -0.418983    -0.318667
   -0.298748    -0.114362     0.947455
    -0.43356     0.900692   -0.0279324
    -0.85017    -0.419123    -0.318664
   -0.298725    -0.114413     0.947456
   -0.433711     0.900619   -0.0279295
   -0.850101    -0.419265     -0.31866
   -0.298701    -0.114463     0.947458
   -0.433863     0.900546   -0.0279268
   -0.850032    -0.419408    -0.318656
   -0.298678    -0.114515     0.947459
   -0.434017     0.900472   -0.0279242
   -0.849962    -0.419553    -0.318653
   -0.298654    -0.114566      0.94746
   -0.434172     0.900397   -0.0279217
   -0.849891      -0.4197    -0.318649
    -0.29863    -0.114618     0.947461
   -0.434329     0.900321   -0.0279193
   -0.849819    -0.419848    -0.318645
   -0.298605    -0.114671     0.947463
   -0.434488     0.900245   -0.0279171
   -0.849747    -0.419997    -0.318642
    -0.29858    -0.114723     0.947464
   -0.434648     0.900167   -0.0279149
   -0.849674    -0.420149    -0.318638
   -0.298556    -0.114777     0.947466
   -0.434811     0.900089   -0.0279129
     -0.8496    -0.420301    -0.318633
    -0.29853     -0.11483     0.947467
   -0.434974      0.90001    -0.027911
   -0.849525    -0.420456    -0.318629
   -0.298505    -0.114884     0.947468
    -0.43514      0.89993   -0.0279092
   -0.849449    -0.420612    -0.318625
   -0.298479    -0.114939      0.94747
   -0.435307      0.89985   -0.0279075
   -0.849373     -0.42077     -0.31862
   -0.298453    -0.114994     0.947472
   -0.435475     0.899768   -0.0279059
   -0.849296    -0.420929    -0.318616
   -0.298427    -0.115049     0.947473
   -0.435645     0.899686   -0.0279043
   -0.849218     -0.42109    -0.318611
     -0.2984    -0.115105     0.947475
   -0.435817     0.899603   -0.0279027
   -0.849139    -0.421252    -0.318606
   -0.298373    -0.115161     0.947476
    -0.43599     0.899519   -0.0279011
    -0.84906    -0.421415    -0.318602
   -0.298346    -0.115217     0.947478
   -0.436164     0.899435   -0.0278992
    -0.84898    -0.421579    -0.318597
   -0.298319    -0.115275      0.94748
    -0.43634     0.899349   -0.0278972
   -0.848899    -0.421745    -0.318592
   -0.298291    -0.115332     0.947481
   -0.436517     0.899263    -0.027895
   -0.848818    -0.421912    -0.318587
   -0.298263    -0.115391     0.947483
   -0.436695     0.899177   -0.0278925
   -0.848736    -0.422081    -0.318582
   -0.298235     -0.11545     0.947485
   -0.436875      0.89909   -0.0278897
   -0.848654    -0.422251    -0.318577
   -0.298206     -0.11551     0.947487
   -0.437057     0.899001   -0.0278867
   -0.848571    -0.422421    -0.318572
   -0.298177     -0.11557     0.947488
    -0.43724     0.898913   -0.0278835
   -0.848487    -0.422594    -0.318567
   -0.298147    -0.115631      0.94749
   -0.437424     0.898823   -0.0278801
   -0.848402    -0.422767    -0.318561
   -0.298117    -0.115693     0.947492
    -0.43761     0.898733   -0.0278765
   -0.848317    -0.422943    -0.318556
   -0.298087    -0.115755     0.947494
   -0.437797     0.898642   -0.0278727
   -0.848231    -0.423119    -0.318551
   -0.298056    -0.115818     0.947496
   -0.437986      0.89855   -0.0278687
   -0.848144    -0.423297    -0.318545
   -0.298025    -0.115882     0.947498
   -0.438177     0.898457   -0.0278645
   -0.848057    -0.423476     -0.31854
   -0.297994    -0.115946       0.9475
   -0.438368     0.898364   -0.0278601
   -0.847969    -0.423656    -0.318534
   -0.297963    -0.116011     0.947502
   -0.438562     0.898269   -0.0278556
    -0.84788    -0.423838    -0.318529
   -0.297931    -0.116076     0.947504
   -0.438756     0.898174   -0.0278509
   -0.847791    -0.424021    -0.318523
   -0.297899    -0.116142     0.947506
   -0.438953     0.898079    -0.027846
   -0.847701    -0.424206    -0.318518
   -0.297866    -0.116209     0.947508
   -0.439151     0.897982   -0.0278411
    -0.84761    -0.424392    -0.318512
   -0.297834    -0.116276      0.94751
    -0.43935     0.897885   -0.0278362
   -0.847518    -0.424579    -0.318506
     -0.2978    -0.116344     0.947512
   -0.439551     0.897786   -0.0278313
   -0.847425    -0.424768      -0.3185
   -0.297767    -0.116412     0.947514
   -0.439754     0.897687   -0.0278265
   -0.847332    -0.424959    -0.318494
   -0.297733    -0.116481     0.947516
   -0.439958     0.897587   -0.0278219
   -0.847238    -0.425151    -0.318488
   -0.297699     -0.11655     0.947518
   -0.440164     0.897486   -0.0278174
   -0.847143    -0.425345    -0.318482
   -0.297665    -0.116619     0.947521
   -0.440372     0.897385   -0.0278132
   -0.847047     -0.42554    -0.318476
   -0.297631    -0.116689     0.947523
   -0.440581     0.897282   -0.0278091
    -0.84695    -0.425737    -0.318469
   -0.297596    -0.116759     0.947525
   -0.440792     0.897179   -0.0278052
   -0.846853    -0.425936    -0.318463
   -0.297561    -0.116829     0.947527
   -0.441004     0.897074   -0.0278014
   -0.846755    -0.426136    -0.318456
   -0.297526      -0.1169      0.94753
   -0.441218     0.896969   -0.0277978
   -0.846656    -0.426338     -0.31845
   -0.297491    -0.116971     0.947532
   -0.441434     0.896863   -0.0277942
   -0.846556    -0.426541    -0.318443
   -0.297455    -0.117042     0.947534
   -0.441651     0.896757   -0.0277907
   -0.846455    -0.426746    -0.318436
    -0.29742    -0.117114     0.947537
   -0.441869     0.896649   -0.0277872
   -0.846354    -0.426952     -0.31843
   -0.297383    -0.117186     0.947539
   -0.442089     0.896541   -0.0277839
   -0.846252    -0.427159    -0.318423
   -0.297347    -0.117259     0.947542
   -0.442311     0.896431   -0.0277806
   -0.846149    -0.427368    -0.318416
    -0.29731    -0.117332     0.947544
   -0.442534     0.896321   -0.0277773
   -0.846045    -0.427579    -0.318408
   -0.297273    -0.117406     0.947547
   -0.442758     0.896211   -0.0277741
   -0.845941    -0.427791    -0.318401
   -0.297236     -0.11748     0.947549
   -0.442984     0.896099   -0.0277709
   -0.845836    -0.428004    -0.318394
   -0.297199    -0.117554     0.947552
   -0.443211     0.895987   -0.0277676
    -0.84573    -0.428218    -0.318387
   -0.297161    -0.117629     0.947554
    -0.44344     0.895874   -0.0277642
   -0.845623    -0.428434    -0.318379
   -0.297123    -0.117704     0.947557
    -0.44367      0.89576   -0.0277606
   -0.845516    -0.428651    -0.318372
   -0.297084     -0.11778     0.947559
   -0.443902     0.895646   -0.0277569
   -0.845408    -0.428869    -0.318364
   -0.297046    -0.117857     0.947562
   -0.444134      0.89553   -0.0277528
     -0.8453    -0.429089    -0.318357
   -0.297007    -0.117934     0.947565
   -0.444368     0.895414   -0.0277486
   -0.845191    -0.429309    -0.318349
   -0.296967    -0.118012     0.947567
   -0.444604     0.895297    -0.027744
   -0.845081    -0.429531    -0.318342
   -0.296928     -0.11809      0.94757
   -0.444841      0.89518   -0.0277391
    -0.84497    -0.429754    -0.318334
   -0.296887    -0.118169     0.947573
   -0.445079     0.895062    -0.027734
   -0.844859    -0.429979    -0.318327
   -0.296847    -0.118249     0.947575
   -0.445319     0.894943   -0.0277287
   -0.844747    -0.430204    -0.318319
   -0.296806     -0.11833     0.947578
    -0.44556     0.894823   -0.0277232
   -0.844634    -0.430431    -0.318311
   -0.296765    -0.118411     0.947581
   -0.445802     0.894702   -0.0277176
   -0.844521    -0.430659    -0.318304
   -0.296724    -0.118492     0.947584
   -0.446046     0.894581   -0.0277118
   -0.844407    -0.430889    -0.318296
   -0.296682    -0.118575     0.947586
   -0.446291     0.894459   -0.0277059
   -0.844292     -0.43112    -0.318288
    -0.29664    -0.118657     0.947589
   -0.446538     0.894336      -0.0277
   -0.844176    -0.431352     -0.31828
   -0.296598    -0.118741     0.947592
   -0.446786     0.894212   -0.0276939
    -0.84406    -0.431585    -0.318272
   -0.296555    -0.118824     0.947595
   -0.447036     0.894087   -0.0276878
   -0.843943     -0.43182    -0.318265
   -0.296513    -0.118909     0.947597
   -0.447287     0.893962   -0.0276817
   -0.843825    -0.432056    -0.318257
   -0.296469    -0.118994       0.9476
    -0.44754     0.893836   -0.0276755
   -0.843706    -0.432294    -0.318249
   -0.296426    -0.119079     0.947603
   -0.447794     0.893708   -0.0276694
   -0.843586    -0.432533    -0.318241
   -0.296382    -0.119165     0.947606
    -0.44805      0.89358   -0.0276634
   -0.843466    -0.432774    -0.318233
   -0.296339    -0.119251     0.947609
   -0.448308     0.893451   -0.0276574
   -0.843344    -0.433016    -0.318225
   -0.296294    -0.119338     0.947612
   -0.448567     0.893322   -0.0276517
   -0.843222     -0.43326    -0.318217
    -0.29625    -0.119425     0.947615
   -0.448827     0.893191   -0.0276461
   -0.843099    -0.433505    -0.318208
   -0.296205    -0.119512     0.947618
   -0.449089     0.893059   -0.0276407
   -0.842976    -0.433752      -0.3182
   -0.296161      -0.1196     0.947621
   -0.449352     0.892927   -0.0276356
   -0.842851       -0.434    -0.318192
   -0.296116    -0.119687     0.947624
   -0.449617     0.892794   -0.0276306
   -0.842726     -0.43425    -0.318183
   -0.296071    -0.119776     0.947627
   -0.449884      0.89266   -0.0276259
   -0.842599    -0.434501    -0.318175
   -0.296025    -0.119864      0.94763
   -0.450152     0.892525   -0.0276212
   -0.842472    -0.434754    -0.318166
    -0.29598    -0.119953     0.947633
   -0.450421     0.892389   -0.0276167
   -0.842344    -0.435008    -0.318157
   -0.295934    -0.120042     0.947636
   -0.450692     0.892253   -0.0276122
   -0.842216    -0.435263    -0.318149
   -0.295888    -0.120132     0.947639
   -0.450964     0.892115   -0.0276078
   -0.842086     -0.43552     -0.31814
   -0.295841    -0.120222     0.947642
   -0.451237     0.891977   -0.0276034
   -0.841956    -0.435778    -0.318131
   -0.295795    -0.120312     0.947645
   -0.451512     0.891838    -0.027599
   -0.841825    -0.436037    -0.318123
   -0.295748    -0.120403     0.947648
   -0.451788     0.891698   -0.0275946
   -0.841694    -0.436297    -0.318114
   -0.295701    -0.120494     0.947651
   -0.452066     0.891558   -0.0275901
   -0.841561    -0.436559    -0.318105
   -0.295654    -0.120586     0.947654
   -0.452345     0.891416   -0.0275856
   -0.841428    -0.436822    -0.318096
   -0.295606    -0.120678     0.947657
   -0.452625     0.891274   -0.0275809
   -0.841294    -0.437086    -0.318087
   -0.295558    -0.120771      0.94766
   -0.452906     0.891132   -0.0275761
    -0.84116    -0.437352    -0.318078
    -0.29551    -0.120864     0.947663
   -0.453189     0.890988   -0.0275712
   -0.841024    -0.437618    -0.318069
   -0.295462    -0.120958     0.947666
   -0.453473     0.890844    -0.027566
   -0.840889    -0.437886    -0.318061
   -0.295413    -0.121052      0.94767
   -0.453758     0.890699   -0.0275606
   -0.840752    -0.438154    -0.318052
   -0.295364    -0.121147     0.947673
   -0.454044     0.890553    -0.027555
   -0.840615    -0.438424    -0.318043
   -0.295315    -0.121242     0.947676
   -0.454332     0.890407   -0.0275492
   -0.840477    -0.438695    -0.318034
   -0.295265    -0.121338     0.947679
    -0.45462     0.890259   -0.0275431
   -0.840338    -0.438967    -0.318025
   -0.295215    -0.121435     0.947682
    -0.45491     0.890111   -0.0275368
   -0.840199     -0.43924    -0.318016
   -0.295165    -0.121533     0.947685
   -0.455202     0.889963   -0.0275303
   -0.840059    -0.439514    -0.318008
   -0.295115    -0.121631     0.947688
   -0.455494     0.889813   -0.0275236
   -0.839918    -0.439789    -0.317999
   -0.295064    -0.121729     0.947692
   -0.455789     0.889663   -0.0275168
   -0.839776    -0.440066     -0.31799
   -0.295013    -0.121828     0.947695
   -0.456084     0.889512   -0.0275099
   -0.839634    -0.440344    -0.317981
   -0.294962    -0.121928     0.947698
   -0.456381      0.88936    -0.027503
   -0.839491    -0.440623    -0.317972
    -0.29491    -0.122028     0.947701
   -0.456679     0.889207   -0.0274961
   -0.839347    -0.440904    -0.317964
   -0.294859    -0.122128     0.947704
   -0.456978     0.889053   -0.0274891
   -0.839202    -0.441185    -0.317955
   -0.294807    -0.122229     0.947707
   -0.457279     0.888899   -0.0274822
   -0.839057    -0.441468    -0.317946
   -0.294754    -0.122331      0.94771
   -0.457581     0.888743   -0.0274753
    -0.83891    -0.441753    -0.317937
   -0.294702    -0.122433     0.947714
   -0.457884     0.888587   -0.0274686
   -0.838763    -0.442038    -0.317928
   -0.294649    -0.122535     0.947717
   -0.458189      0.88843   -0.0274619
   -0.838615    -0.442325    -0.317919
   -0.294596    -0.122637      0.94772
   -0.458496     0.888273   -0.0274554
   -0.838467    -0.442614    -0.317911
   -0.294543     -0.12274     0.947723
   -0.458803     0.888114    -0.027449
   -0.838317    -0.442903    -0.317902
    -0.29449    -0.122843     0.947726
   -0.459112     0.887954   -0.0274429
   -0.838166    -0.443195    -0.317893
   -0.294437    -0.122947     0.947729
   -0.459423     0.887794   -0.0274369
   -0.838015    -0.443487    -0.317884
   -0.294383    -0.123051     0.947733
   -0.459735     0.887633   -0.0274311
   -0.837863    -0.443781    -0.317875
   -0.294329    -0.123154     0.947736
   -0.460048      0.88747   -0.0274256
    -0.83771    -0.444076    -0.317866
   -0.294275    -0.123259     0.947739
   -0.460362     0.887307   -0.0274202
   -0.837556    -0.444373    -0.317856
   -0.294221    -0.123363     0.947742
   -0.460678     0.887144   -0.0274149
   -0.837402     -0.44467    -0.317847
   -0.294167    -0.123468     0.947745
   -0.460995     0.886979   -0.0274098
   -0.837246    -0.444969    -0.317838
   -0.294112    -0.123573     0.947749
   -0.461314     0.886814   -0.0274048
    -0.83709    -0.445269    -0.317829
   -0.294058    -0.123679     0.947752
   -0.461633     0.886648   -0.0273998
   -0.836933    -0.445571     -0.31782
   -0.294003    -0.123784     0.947755
   -0.461954     0.886481   -0.0273948
   -0.836776    -0.445873    -0.317811
   -0.293948    -0.123891     0.947758
   -0.462276     0.886313   -0.0273899
   -0.836617    -0.446177    -0.317801
   -0.293892    -0.123997     0.947762
   -0.462599     0.886145   -0.0273849
   -0.836458    -0.446482    -0.317792
   -0.293837    -0.124104     0.947765
   -0.462923     0.885976   -0.0273798
   -0.836298    -0.446787    -0.317783
   -0.293781    -0.124211     0.947768
   -0.463248     0.885806   -0.0273746
   -0.836138    -0.447094    -0.317774
   -0.293725    -0.124319     0.947771
   -0.463575     0.885635   -0.0273693
   -0.835977    -0.447402    -0.317765
   -0.293669    -0.124428     0.947774
   -0.463902     0.885464   -0.0273639
   -0.835815    -0.447711    -0.317756
   -0.293612    -0.124536     0.947778
   -0.464231     0.885292   -0.0273583
   -0.835652     -0.44802    -0.317747
   -0.293555    -0.124646     0.947781
   -0.464561     0.885119   -0.0273525
   -0.835489    -0.448331    -0.317737
   -0.293498    -0.124756     0.947784
   -0.464891     0.884945   -0.0273465
   -0.835325    -0.448643    -0.317728
   -0.293441    -0.124866     0.947787
   -0.465223     0.884771   -0.0273402
   -0.835161    -0.448955    -0.317719
   -0.293383    -0.124977     0.947791
   -0.465556     0.884596   -0.0273338
   -0.834996    -0.449269     -0.31771
   -0.293326    -0.125088     0.947794
    -0.46589      0.88442   -0.0273271
    -0.83483    -0.449583    -0.317701
   -0.293267      -0.1252     0.947797
   -0.466225     0.884244   -0.0273203
   -0.834663    -0.449899    -0.317693
   -0.293209    -0.125313       0.9478
   -0.466562     0.884067   -0.0273133
   -0.834496    -0.450215    -0.317684
    -0.29315    -0.125426     0.947803
   -0.466899     0.883889   -0.0273061
   -0.834328    -0.450533    -0.317675
   -0.293092     -0.12554     0.947806
   -0.467238      0.88371   -0.0272988
   -0.834159    -0.450852    -0.317666
   -0.293032    -0.125654      0.94781
   -0.467577     0.883531   -0.0272915
   -0.833989    -0.451171    -0.317657
   -0.292973    -0.125768     0.947813
   -0.467918      0.88335   -0.0272841
   -0.833819    -0.451492    -0.317648
   -0.292913    -0.125883     0.947816
    -0.46826     0.883169   -0.0272767
   -0.833648    -0.451814     -0.31764
   -0.292854    -0.125999     0.947819
   -0.468604     0.882987   -0.0272694
   -0.833476    -0.452137    -0.317631
   -0.292793    -0.126115     0.947822
   -0.468948     0.882805   -0.0272621
   -0.833303    -0.452462    -0.317622
   -0.292733    -0.126231     0.947825
   -0.469294     0.882621   -0.0272549
    -0.83313    -0.452787    -0.317613
   -0.292673    -0.126347     0.947829
   -0.469641     0.882437   -0.0272479
   -0.832956    -0.453114    -0.317604
   -0.292612    -0.126464     0.947832
    -0.46999     0.882251   -0.0272409
   -0.832781    -0.453442    -0.317595
   -0.292551    -0.126581     0.947835
   -0.470339     0.882065   -0.0272341
   -0.832605    -0.453771    -0.317586
    -0.29249    -0.126698     0.947838
    -0.47069     0.881878   -0.0272275
   -0.832428    -0.454102    -0.317578
   -0.292429    -0.126816     0.947841
   -0.471042      0.88169   -0.0272211
    -0.83225    -0.454433    -0.317569
   -0.292367    -0.126934     0.947844
   -0.471396     0.881502   -0.0272148
   -0.832072    -0.454766     -0.31756
   -0.292306    -0.127052     0.947848
    -0.47175     0.881312   -0.0272088
   -0.831892      -0.4551    -0.317551
   -0.292244     -0.12717     0.947851
   -0.472106     0.881122   -0.0272029
   -0.831712    -0.455436    -0.317542
   -0.292182    -0.127288     0.947854
   -0.472463     0.880931   -0.0271971
   -0.831532    -0.455772    -0.317533
    -0.29212    -0.127407     0.947857
   -0.472821     0.880739   -0.0271916
    -0.83135     -0.45611    -0.317524
   -0.292058    -0.127526      0.94786
    -0.47318     0.880546   -0.0271861
   -0.831168    -0.456448    -0.317514
   -0.291995    -0.127645     0.947864
    -0.47354     0.880353   -0.0271807
   -0.830984    -0.456788    -0.317505
   -0.291932    -0.127765     0.947867
   -0.473902     0.880158   -0.0271754
     -0.8308    -0.457129    -0.317496
    -0.29187    -0.127885      0.94787
   -0.474264     0.879963   -0.0271701
   -0.830616    -0.457471    -0.317487
   -0.291806    -0.128005     0.947873
   -0.474627     0.879768   -0.0271647
    -0.83043    -0.457813    -0.317478
   -0.291743    -0.128125     0.947877
   -0.474992     0.879571   -0.0271593
   -0.830244    -0.458157    -0.317469
   -0.291679    -0.128246      0.94788
   -0.475357     0.879374   -0.0271537
   -0.830058    -0.458502     -0.31746
   -0.291616    -0.128368     0.947883
   -0.475724     0.879176   -0.0271481
    -0.82987    -0.458847     -0.31745
   -0.291552    -0.128489     0.947886
   -0.476091     0.878977   -0.0271422
   -0.829682    -0.459193    -0.317441
   -0.291487    -0.128612     0.947889
    -0.47646     0.878777   -0.0271363
   -0.829493    -0.459541    -0.317432
   -0.291423    -0.128734     0.947893
   -0.476829     0.878577   -0.0271301
   -0.829304    -0.459889    -0.317423
   -0.291358    -0.128858     0.947896
   -0.477199     0.878376   -0.0271237
   -0.829114    -0.460238    -0.317414
   -0.291292    -0.128981     0.947899
   -0.477571     0.878175   -0.0271171
   -0.828923    -0.460588    -0.317405
   -0.291227    -0.129105     0.947902
   -0.477943     0.877972   -0.0271103
   -0.828731    -0.460938    -0.317396
   -0.291161     -0.12923     0.947905
   -0.478317     0.877769   -0.0271033
   -0.828539     -0.46129    -0.317387
   -0.291095    -0.129355     0.947909
   -0.478691     0.877565   -0.0270962
   -0.828346    -0.461643    -0.317378
   -0.291029    -0.129481     0.947912
   -0.479066     0.877361   -0.0270888
   -0.828152    -0.461996    -0.317369
   -0.290962    -0.129607     0.947915
   -0.479443     0.877155   -0.0270812
   -0.827958    -0.462351     -0.31736
   -0.290895    -0.129734     0.947918
   -0.479821     0.876949   -0.0270736
   -0.827763    -0.462706    -0.317351
   -0.290828    -0.129861     0.947921
   -0.480199     0.876742   -0.0270658
   -0.827567    -0.463062    -0.317342
   -0.290761    -0.129989     0.947925
   -0.480579     0.876534   -0.0270579
    -0.82737     -0.46342    -0.317334
   -0.290693    -0.130117     0.947928
    -0.48096     0.876325     -0.02705
   -0.827173    -0.463778    -0.317325
   -0.290625    -0.130245     0.947931
   -0.481342     0.876116   -0.0270421
   -0.826974    -0.464138    -0.317316
   -0.290556    -0.130374     0.947934
   -0.481725     0.875905   -0.0270343
   -0.826775    -0.464499    -0.317307
   -0.290488    -0.130503     0.947938
    -0.48211     0.875694   -0.0270265
   -0.826575     -0.46486    -0.317298
   -0.290419    -0.130633     0.947941
   -0.482495     0.875482   -0.0270188
   -0.826375    -0.465224    -0.317289
    -0.29035    -0.130763     0.947944
   -0.482882     0.875269   -0.0270113
   -0.826173    -0.465588    -0.317279
   -0.290281    -0.130893     0.947947
    -0.48327     0.875055   -0.0270039
    -0.82597    -0.465953     -0.31727
   -0.290211    -0.131023     0.947951
   -0.483659      0.87484   -0.0269966
   -0.825767     -0.46632    -0.317261
   -0.290142    -0.131153     0.947954
    -0.48405     0.874624   -0.0269895
   -0.825563    -0.466688    -0.317252
   -0.290072    -0.131284     0.947957
   -0.484442     0.874407   -0.0269826
   -0.825358    -0.467057    -0.317243
   -0.290002    -0.131415     0.947961
   -0.484834      0.87419   -0.0269758
   -0.825152    -0.467427    -0.317233
   -0.289931    -0.131546     0.947964
   -0.485228     0.873971   -0.0269692
   -0.824945    -0.467798    -0.317224
   -0.289861    -0.131678     0.947967
   -0.485624     0.873752   -0.0269628
   -0.824737     -0.46817    -0.317214
    -0.28979     -0.13181     0.947971
    -0.48602     0.873532   -0.0269565
   -0.824529    -0.468544    -0.317205
   -0.289719    -0.131941     0.947974
   -0.486418     0.873311   -0.0269502
   -0.824319    -0.468919    -0.317195
   -0.289647    -0.132074     0.947977
   -0.486816     0.873089   -0.0269441
   -0.824109    -0.469295    -0.317186
   -0.289576    -0.132206     0.947981
   -0.487216     0.872866    -0.026938
   -0.823898    -0.469672    -0.317176
   -0.289504    -0.132339     0.947984
   -0.487617     0.872642   -0.0269319
   -0.823686    -0.470049    -0.317166
   -0.289432    -0.132472     0.947987
   -0.488018     0.872418   -0.0269258
   -0.823474    -0.470428    -0.317156
    -0.28936    -0.132605     0.947991
   -0.488421     0.872193   -0.0269197
    -0.82326    -0.470808    -0.317147
   -0.289287    -0.132739     0.947994
   -0.488825     0.871966   -0.0269134
   -0.823046    -0.471189    -0.317137
   -0.289214    -0.132874     0.947998
    -0.48923      0.87174    -0.026907
   -0.822831    -0.471571    -0.317127
   -0.289141    -0.133008     0.948001
   -0.489636     0.871512   -0.0269005
   -0.822616    -0.471953    -0.317117
   -0.289067    -0.133143     0.948005
   -0.490043     0.871283   -0.0268937
   -0.822399    -0.472337    -0.317107
   -0.288993    -0.133279     0.948008
   -0.490451     0.871054   -0.0268868
   -0.822182    -0.472722    -0.317098
   -0.288919    -0.133415     0.948012
    -0.49086     0.870824   -0.0268796
   -0.821964    -0.473107    -0.317088
   -0.288844    -0.133552     0.948015
    -0.49127     0.870593   -0.0268722
   -0.821746    -0.473493    -0.317078
   -0.288769    -0.133689     0.948019
   -0.491681     0.870361   -0.0268646
   -0.821526    -0.473881    -0.317068
   -0.288694    -0.133826     0.948022
   -0.492094     0.870128   -0.0268568
   -0.821306    -0.474269    -0.317058
   -0.288619    -0.133965     0.948026
   -0.492507     0.869894   -0.0268488
   -0.821085    -0.474658    -0.317048
   -0.288542    -0.134103     0.948029
   -0.492921      0.86966   -0.0268405
   -0.820863    -0.475048    -0.317038
   -0.288466    -0.134243     0.948033
   -0.493337     0.869424   -0.0268321
    -0.82064    -0.475439    -0.317028
   -0.288389    -0.134382     0.948036
   -0.493753     0.869188   -0.0268235
   -0.820417    -0.475832    -0.317018
   -0.288312    -0.134522      0.94804
   -0.494171     0.868951   -0.0268148
   -0.820192    -0.476225    -0.317008
   -0.288235    -0.134663     0.948044
    -0.49459     0.868713    -0.026806
   -0.819967    -0.476619    -0.316998
   -0.288157    -0.134804     0.948047
   -0.495011     0.868474   -0.0267971
   -0.819741    -0.477015    -0.316988
   -0.288079    -0.134946     0.948051
   -0.495432     0.868234   -0.0267882
   -0.819514    -0.477412    -0.316978
      -0.288    -0.135088     0.948054
   -0.495855     0.867992   -0.0267792
   -0.819286     -0.47781    -0.316968
   -0.287921     -0.13523     0.948058
   -0.496279      0.86775   -0.0267704
   -0.819057    -0.478209    -0.316958
   -0.287842    -0.135373     0.948062
   -0.496704     0.867507   -0.0267615
   -0.818827    -0.478609    -0.316948
   -0.287763    -0.135516     0.948065
   -0.497131     0.867263   -0.0267528
   -0.818596    -0.479011    -0.316937
   -0.287683     -0.13566     0.948069
   -0.497559     0.867018   -0.0267442
   -0.818364    -0.479414    -0.316927
   -0.287603    -0.135803     0.948073
   -0.497988     0.866771   -0.0267357
   -0.818131    -0.479818    -0.316916
   -0.287522    -0.135947     0.948077
   -0.498419     0.866524   -0.0267274
   -0.817897    -0.480224    -0.316906
   -0.287442    -0.136092      0.94808
   -0.498851     0.866276   -0.0267192
   -0.817662    -0.480631    -0.316895
    -0.28736    -0.136236     0.948084
   -0.499285     0.866026   -0.0267112
   -0.817426    -0.481039    -0.316884
   -0.287279    -0.136381     0.948088
   -0.499719     0.865776   -0.0267033
   -0.817189    -0.481449    -0.316873
   -0.287197    -0.136526     0.948092
   -0.500155     0.865524   -0.0266956
   -0.816951     -0.48186    -0.316862
   -0.287116    -0.136671     0.948096
   -0.500592     0.865272   -0.0266879
   -0.816712    -0.482272    -0.316851
   -0.287033    -0.136817       0.9481
   -0.501031     0.865018   -0.0266804
   -0.816472    -0.482685     -0.31684
   -0.286951    -0.136963     0.948104
   -0.501471     0.864763   -0.0266729
   -0.816231      -0.4831    -0.316829
   -0.286868    -0.137109     0.948108
   -0.501912     0.864507   -0.0266655
    -0.81599    -0.483516    -0.316818
   -0.286784    -0.137256     0.948112
   -0.502355     0.864251   -0.0266581
   -0.815747    -0.483933    -0.316806
   -0.286701    -0.137403     0.948116
   -0.502798     0.863993   -0.0266506
   -0.815503    -0.484351    -0.316795
   -0.286617     -0.13755      0.94812
   -0.503243     0.863734   -0.0266431
   -0.815258    -0.484771    -0.316783
   -0.286532    -0.137698     0.948124
   -0.503689     0.863474   -0.0266355
   -0.815012    -0.485192    -0.316772
   -0.286448    -0.137846     0.948128
   -0.504137     0.863213   -0.0266278
   -0.814765    -0.485613     -0.31676
   -0.286363    -0.137995     0.948132
   -0.504585     0.862951   -0.0266199
   -0.814518    -0.486036    -0.316749
   -0.286277    -0.138144     0.948136
   -0.505035     0.862688   -0.0266118
   -0.814269     -0.48646    -0.316737
   -0.286191    -0.138294      0.94814
   -0.505486     0.862424   -0.0266035
   -0.814019    -0.486885    -0.316725
   -0.286105    -0.138445     0.948144
   -0.505939     0.862159    -0.026595
   -0.813769    -0.487311    -0.316714
   -0.286018    -0.138596     0.948148
   -0.506392     0.861893   -0.0265862
   -0.813517    -0.487739    -0.316702
    -0.28593    -0.138747     0.948152
   -0.506847     0.861626   -0.0265772
   -0.813265    -0.488167     -0.31669
   -0.285843    -0.138899     0.948157
   -0.507303     0.861358    -0.026568
   -0.813012    -0.488597    -0.316678
   -0.285755    -0.139052     0.948161
   -0.507761     0.861089   -0.0265585
   -0.812757    -0.489028    -0.316667
   -0.285666    -0.139205     0.948165
   -0.508219     0.860818   -0.0265488
   -0.812502     -0.48946    -0.316655
   -0.285577    -0.139359     0.948169
   -0.508679     0.860547   -0.0265389
   -0.812245    -0.489893    -0.316643
   -0.285487    -0.139514     0.948174
   -0.509141     0.860274   -0.0265289
   -0.811988    -0.490327    -0.316631
   -0.285397    -0.139669     0.948178
   -0.509604         0.86   -0.0265186
   -0.811729    -0.490763    -0.316619
   -0.285307    -0.139824     0.948182
   -0.510068     0.859725   -0.0265083
   -0.811469      -0.4912    -0.316607
   -0.285216     -0.13998     0.948186
   -0.510534     0.859449   -0.0264978
   -0.811209    -0.491639    -0.316595
   -0.285124    -0.140137     0.948191
   -0.511001     0.859172   -0.0264873
   -0.810947    -0.492078    -0.316583
   -0.285033    -0.140294     0.948195
    -0.51147     0.858893   -0.0264768
   -0.810683     -0.49252     -0.31657
    -0.28494    -0.140452     0.948199
    -0.51194     0.858613   -0.0264663
   -0.810419    -0.492962    -0.316558
   -0.284848     -0.14061     0.948204
   -0.512412     0.858332   -0.0264558
   -0.810154    -0.493407    -0.316546
   -0.284755    -0.140768     0.948208
   -0.512885      0.85805   -0.0264454
   -0.809887    -0.493852    -0.316533
   -0.284661    -0.140927     0.948213
    -0.51336     0.857766   -0.0264351
   -0.809619      -0.4943     -0.31652
   -0.284567    -0.141087     0.948217
   -0.513837     0.857481   -0.0264248
    -0.80935    -0.494749    -0.316508
   -0.284473    -0.141246     0.948222
   -0.514315     0.857194   -0.0264148
   -0.809079    -0.495199    -0.316495
   -0.284378    -0.141407     0.948226
   -0.514795     0.856907   -0.0264048
   -0.808807    -0.495651    -0.316482
   -0.284283    -0.141567     0.948231
   -0.515276     0.856618    -0.026395
   -0.808534    -0.496105    -0.316469
   -0.284188    -0.141728     0.948236
   -0.515759     0.856327   -0.0263854
    -0.80826     -0.49656    -0.316456
   -0.284092    -0.141889      0.94824
   -0.516244     0.856035   -0.0263758
   -0.807984    -0.497016    -0.316443
   -0.283995     -0.14205     0.948245
    -0.51673     0.855742   -0.0263664
   -0.807707    -0.497475     -0.31643
   -0.283899    -0.142212      0.94825
   -0.517218     0.855448   -0.0263571
   -0.807429    -0.497934    -0.316416
